99
1 2 80 85
2 6 5 8 12 26 38 90
3 7 12 17 21 22 36 39 74
4 4 23 59 63 66
5 5 2 12 22 26 34
6 6 35 44 70 91 92 93
7 2 10 49
8 5 2 26 43 72 90
9 4 20 37 46 98
10 1 7
11 1 89
12 7 2 3 5 21 22 38 73
13 5 14 30 88 91 92
14 1 13
15 6 68 76 77 86 95 99
16 4 50 61 71 83
17 5 3 28 33 36 39
18 2 51 93
19 1 49
20 3 9 37 52
21 6 3 12 31 36 54 73
22 7 3 5 12 25 34 57 74
23 5 4 48 64 66 85
24 3 25 49 57
25 5 22 24 34 49 57
26 5 2 5 8 34 72
27 4 38 45 73 81
28 4 17 31 33 36
29 2 56 96
30 5 13 51 88 92 97
31 3 21 28 36
32 3 42 44 93
33 2 17 28
34 6 5 22 25 26 49 72
35 5 6 41 44 70 95
36 5 3 17 21 28 31
37 3 9 20 46
38 6 2 12 27 45 73 90
39 3 3 17 74
40 5 47 54 67 71 82
41 6 35 55 70 78 84 95
42 5 32 44 65 76 77
43 3 8 49 72
44 7 6 32 35 42 76 93 95
45 3 27 38 90
46 5 9 37 87 94 98
47 4 40 67 79 82
48 3 23 64 66
49 8 7 19 24 25 34 43 72 89
50 6 16 54 71 73 81 83
51 4 18 30 92 93
52 1 20
53 2 85 56
54 5 21 40 50 71 73
55 2 41 84
56 2 29 53
57 4 22 24 25 74
58 5 68 69 94 95 98
59 2 4 63
60 2 78 87
61 5 16 71 79 82 96
62 2 68 86
63 3 4 59 66
64 3 23 48 85
65 4 42 75 77 99
66 4 4 23 48 63
67 2 40 47
68 5 15 58 62 86 95
69 3 58 94 98
70 4 6 35 41 91
71 6 16 40 50 54 61 82
72 5 8 26 34 43 49
73 7 12 21 27 38 50 54 81
74 4 3 22 39 57
75 1 65
76 5 15 42 44 77 95
77 5 15 42 65 76 99
78 3 41 60 95
79 3 47 61 82
80 2 1 97
81 3 27 50 73
82 5 40 47 61 71 79
83 2 16 50
84 3 41 55 87
85 4 1 23 53 64
86 4 15 62 68 99
87 3 46 60 84
88 3 13 30 97
89 2 11 49
90 4 2 8 38 45
91 4 6 13 70 92
92 6 6 13 30 51 91 93
93 6 6 18 32 44 51 92
94 5 46 58 69 95 98
95 9 15 35 41 44 58 68 76 78 94
96 2 29 61
97 3 30 80 88
98 5 9 46 58 69 94
99 4 15 65 77 86
